9.934280010317368959e-01
9.952834576975866376e-01
9.967560092502326663e-01
9.978922734988797671e-01
9.987366554132893759e-01
9.993312160718186288e-01
9.997155572496704279e-01
9.999267206799287155e-01
9.999991010055330198e-01
9.999643714427806085e-01
9.998514211948817954e-01
9.996863036861470819e-01
9.994921947320974942e-01
9.992893598167068570e-01
9.990951297136434484e-01
9.989238837623065637e-01
9.987870401902311235e-01
9.986930529596197426e-01
9.986474147059948292e-01
9.986526654298810701e-01
9.987084066967257812e-01
9.988113211946711978e-01
9.989551975930783811e-01
9.991309607356769762e-01
9.993267072897297210e-01
9.995277470555528065e-01
9.997166502180415693e-01
9.998733008925084764e-01
9.999749573801480773e-01
9.999963196028726076e-01
9.999096042322237476e-01
9.996846280617277536e-01
9.992889001956487549e-01
9.986877236389107848e-01
9.978443068723626963e-01
9.967198859840360470e-01
9.952738579001171315e-01
9.934639252187279501e-01
9.912462530950365558e-01
9.885756385576545124e-01
9.854056925537698630e-01
9.816890349242527458e-01
9.773775024004686118e-01
9.724223695922881161e-01
9.667745828026202970e-01
9.603850063586293340e-01
9.532046809948541144e-01
9.451850936600600939e-01
9.362784579494318749e-01
9.264380041884270334e-01
9.156182780162013257e-01
9.037754461371676484e-01
8.908676077312163155e-01
8.768551098388754905e-01
8.617008648697557227e-01
8.453706682236323822e-01
8.278335138661779835e-01
8.090619055682805039e-01
7.890321614018426244e-01
7.677247089884112752e-01
7.451243689224903433e-01
7.212206237412264187e-01
6.960078697883663734e-01
6.694856493248901863e-01
6.416588602729483837e-01
6.125379410449816042e-01
5.821390280068765577e-01
5.504840832531726624e-01
5.176009905335888783e-01
4.835236173630229062e-01
4.482918415705837156e-01
4.119515407958094788e-01
3.745545437198740113e-01
3.361585421239970395e-01
2.968269631933646568e-01
2.566288018295273532e-01
2.156384130935350141e-01
1.739352652720573267e-01
1.316036544350664694e-01
8.873238173163823517e-02
4.541439504548188538e-02
1.746396998893803712e-03
-4.217157835170056573e-02
-8.623661744850437405e-02
-1.303434047985179700e-01
-1.743847228899627066e-01
-2.182519709181976741e-01
-2.618356985572687923e-01
-3.050261508277707923e-01
-3.477138199668811103e-01
-3.897900001043957952e-01
-4.311473404910980411e-01
-4.716803930138629419e-01
-5.112861497659226817e-01
-5.498645665205724731e-01
-5.873190680811842812e-01
-6.235570316484538855e-01
-6.584902445549207783e-01
-6.920353329644766127e-01
-7.241141584174561885e-01
-7.546541794162299199e-01
-7.835887755879753502e-01
-8.108575323259000767e-01
-8.364064841928942062e-01
-8.601883157675326297e-01
-8.821625190163983055e-01
-9.022955066838245219e-01
-9.205606815953283339e-01
-9.369384621693359616e-01
-9.514162648185991999e-01
-9.639884442935416908e-01
-9.746561933706008318e-01
-9.834274036157184540e-01
-9.903164892532424490e-01
-9.953441764408271775e-01
-9.985372604891825654e-01
-9.999283337699117480e-01
-9.995554872239769129e-01
-9.974619885167629318e-01
-9.936959399830832540e-01
-9.883099195670329573e-01
-9.813606079880947686e-01
-9.729084053575134394e-01
-9.630170404292416331e-01
-9.517531755996569975e-01
-9.391860106719867041e-01
-9.253868882774418658e-01
-9.104289036981750849e-01
-8.943865216701653020e-01
-8.773352025599867599e-01
-8.593510401111476016e-01
-8.405104127463034480e-01
-8.208896501941767010e-01
-8.005647169873215674e-01
-7.796109141518119401e-01
-7.581026001850964535e-01
-7.361129321961688010e-01
-7.137136278651136090e-01
-6.909747486690527296e-01
-6.679645046203721570e-01
-6.447490805724458429e-01
-6.213924839692205326e-01
-5.979564137490925857e-01
-5.745001499613472395e-01
-5.510804635156707487e-01
-5.277515453622722008e-01
-5.045649542921758490e-01
-4.815695824542376990e-01
-4.588116376072281510e-01
-4.363346410615560056e-01
-4.141794402153992083e-01
-3.923842345535364928e-01
-3.709846139533387044e-01
-3.500136081303614199e-01
-3.295017460549339861e-01
-3.094771241801360651e-01
-2.899654823396558001e-01
-2.709902862002703805e-01
-2.525728151871184934e-01
-2.347322548395961161e-01
-2.174857926006812658e-01
-2.008487160918744907e-01
-1.848345129788974417e-01
-1.694549715889849539e-01
-1.547202814983482111e-01
-1.406391333673976951e-01
-1.272188173610505069e-01
-1.144653195512768534e-01
-1.023834157584873200e-01
-9.097676234696575048e-02
-8.024798354693490898e-02
-7.019875493166995162e-02
-6.082988273207941277e-02
-5.214137872313057837e-02
-4.413253046623815540e-02
-3.680196673912892319e-02
-3.014771802965523009e-02
-2.416727201250381749e-02
-1.885762396770990917e-02
-1.421532213734687071e-02
-1.023650805174469193e-02
-6.916951889142920924e-03
-4.252082962864239639e-03
-2.237015457974847032e-03
-8.665695650546250284e-04
-1.352881822152279150e-04
-3.744937796118638971e-05
-5.670748269692493576e-04
-1.717934448443405844e-03
-3.483547492460673835e-03
-5.857180333723021465e-03
-8.831841244433322538e-03
-1.240027242866952560e-02
-1.655493960968407174e-02
-2.128801946903928488e-02
-2.659138524242984913e-02
-3.245659078145823884e-02
-3.887485339352857172e-02
-4.583703577341384505e-02
-5.333362733992840637e-02
-6.135472528949928450e-02
-6.989001567526716141e-02
-7.892875481565474194e-02
-8.845975133010655633e-02
-9.847134909192964414e-02
-1.089514113788422334e-01
-1.198873064909778546e-01
-1.312658950937040936e-01
-1.430735195287185790e-01
-1.552959953215141964e-01
-1.679186050964982246e-01
-1.809260950928633094e-01
-1.943026744548090601e-01
-2.080320174489815876e-01
-2.220972687401287227e-01
-2.364810518330749955e-01
-2.511654807653195820e-01
-2.661321751099937072e-01
-2.813622783237327840e-01
-2.968364794483801528e-01
-3.125350381495214380e-01
-3.284378130488335712e-01
-3.445242932813080139e-01
-3.607736331827752774e-01
-3.771646899880139459e-01
-3.936760643952766370e-01
-4.102861438295135055e-01
-4.269731482141123080e-01
-4.437151780398062018e-01
-4.604902644997072581e-01
-4.772764214413861561e-01
-4.940516988706959989e-01
-5.107942377277886470e-01
-5.274823256436209640e-01
-5.440944533753158119e-01
-5.606093716111273384e-01
-5.770061478305209546e-01
-5.932642229020897995e-01
-6.093634671016966431e-01
-6.252842352353683575e-01
-6.410074205560594152e-01
-6.565145071703912816e-01
-6.717876206407955575e-01
-6.868095765000588049e-01
-7.015639264089671423e-01
-7.160350017034274872e-01
-7.302079540949871772e-01
-7.440687933078647953e-01
-7.576044214562960288e-01
-7.708026639879632658e-01
-7.836522970423296375e-01
-7.961430710965913260e-01
-8.082657307965144255e-01
-8.200120308943539271e-01
-8.313747482411955048e-01
-8.423476898061469376e-01
-8.529256967196341410e-01
-8.631046443624278419e-01
-8.728814385457028813e-01
-8.822540078502754124e-01
-8.912212922149432837e-01
-8.997832278844444254e-01
-9.079407288467995496e-01
-9.156956649075743693e-01
-9.230508365647888125e-01
-9.300099468627294197e-01
-9.365775704157016657e-01
-9.427591198037582609e-01
-9.485608095516145921e-01
-9.539896179093152462e-01
-9.590532466587379234e-01
-9.637600791737508388e-01
-9.681191369638210142e-01
-9.721400349311439815e-01
-9.758329355700277041e-01
-9.792085023343785055e-01
-9.822778523948122453e-01
-9.850525090012579588e-01
-9.875443536600355676e-01
-9.897655783264122098e-01
-9.917286378046825668e-01
-9.934462025380218497e-01
-9.949311119598392983e-01
-9.961963285672639223e-01
-9.972548928658382383e-01
-9.981198793226134791e-01
-9.988043534527536460e-01
-9.993213301525825099e-01
-9.996837333798599401e-01
-9.999043572700577753e-01
-9.999958287656174338e-01
-9.999705718237028584e-01
-9.998407732568900252e-01
-9.996183502506412744e-01
-9.993149195913404448e-01
-9.989417686291965914e-01
-9.985098279914738084e-01
-9.980296460533287783e-01
-9.975113651660529879e-01
-9.969646996357389712e-01
-9.963989154393350089e-01
-9.958228116597106494e-01
-9.952447036167303418e-01
-9.946724076674020587e-01
-9.941132276449119454e-01
-9.935739429037561132e-01
-9.930607979361910642e-01
-9.925794935238210215e-01
-9.921351793872750235e-01
-9.917324482965543808e-01
-9.913753316047112518e-01
-9.910672961679918291e-01
-9.908112426163994124e-01
-9.906095049397473096e-01
-9.904638513556264234e-01
-9.903754864272501512e-01
-9.903450544008191025e-01
-9.903726437337964095e-01
-9.904577927872778575e-01
-9.905994966574003247e-01
-9.907962151224430913e-01
-9.910458816838606522e-01
-9.913459136809333883e-01
-9.916932234599739049e-01
-9.920842305800542382e-01
-9.925148750379972906e-01
-9.929806314958684599e-01
-9.934765244943934981e-01
-9.939971446355975182e-01
-9.945366657174914415e-01
-9.950888628028187188e-01
-9.956471312027111997e-01
-9.962045063545884593e-01
-9.967536845717758220e-01
-9.972870446401157496e-01
-9.977966702343308292e-01
-9.982743731240640850e-01
-9.987117171364180424e-01
-9.991000428384408938e-01
-9.994304928994154347e-01
-9.996940380890159128e-01
-9.998815038634498720e-01
-9.999835974876370992e-01
-9.999909356373373193e-01
-9.998940724209627318e-01
-9.996835277566574751e-01
-9.993498160361250493e-01
-9.988834750027009157e-01
-9.982750947673397768e-01
-9.975153468825623815e-01
-9.965950133910459474e-01
-9.955050157624716345e-01
-9.942364436295256791e-01
-9.927805832316228818e-01
-9.911289454730153325e-01
-9.892732935005181805e-01
-9.872056697051474483e-01
-9.849184220515578847e-01
-9.824042296393175056e-01
-9.796561274007764553e-01
-9.766675298415997686e-01
-9.734322537319466395e-01
-9.699445396587924595e-01
-9.661990723530128333e-01
-9.621909997085630328e-01
-9.579159504153904603e-01
-9.533700501325825805e-01
-9.485499361336683366e-01
-9.434527703619121075e-01
-9.380762508398500232e-01
-9.324186213841590964e-01
-9.264786795841989386e-01
-9.202557830101601999e-01
-9.137498536246397851e-01
-9.069613803796108265e-01
-8.998914199890700738e-01
-8.925415958761004909e-01
-8.849140953016076949e-01
-8.770116646905061764e-01
-8.688376031796025689e-01
-8.603957544197686769e-01
-8.516904966731655424e-01
-8.427267312542050526e-01
-8.335098693705750295e-01
-8.240458174279271519e-01
-8.143409608687122159e-01
-8.044021466220742100e-01
-7.942366642476482719e-01
-7.838522258615149285e-01
-7.732569449373923876e-01
-7.624593140803902491e-01
-7.514681818742664499e-01
-7.402927289061038696e-01
-7.289424430746554995e-01
-7.174270942902680748e-01
-7.057567086753041563e-01
-6.939415423743313660e-01
-6.819920550830425032e-01
-6.699188834039450091e-01
-6.577328141353032676e-01
-6.454447575976783869e-01
-6.330657210997129303e-01
-6.206067826415628819e-01
-6.080790649506666590e-01
-5.954937099403403433e-01
-5.828618536770938663e-01
-5.701946019375880859e-01
-5.575030064308514888e-01
-5.447980417557937161e-01
-5.320905831582376511e-01
-5.193913851456920527e-01
-5.067110610119424097e-01
-4.940600633173144463e-01
-4.814486653641759095e-01
-4.688869437009727248e-01
-4.563847616818536013e-01
-4.439517541027806491e-01
-4.315973129289960575e-01
-4.193305741228296468e-01
-4.071604055751569806e-01
-3.950953961383440460e-01
-3.831438457533082875e-01
-3.713137566583796234e-01
-3.596128256630004016e-01
-3.480484374649748802e-01
-3.366276589859663604e-01
-3.253572346962833040e-01
-3.142435828966736455e-01
-3.032927929218892649e-01
-2.925106232281713403e-01
-2.819025003245649863e-01
-2.714735185060704326e-01
-2.612284403450972903e-01
-2.511716978964791958e-01
-2.413073945704360124e-01
-2.316393076273156326e-01
-2.221708912477032283e-01
-2.129052801315302335e-01
-2.038452935801387811e-01
-1.949934400158389591e-01
-1.863519218943179845e-01
-1.779226409663071107e-01
-1.697072038461558963e-01
-1.617069278464009219e-01
-1.539228470390041070e-01
-1.463557185056784393e-01
-1.390060287415786078e-01
-1.318740001786015137e-01
-1.249595977965918259e-01
-1.182625357928656779e-01
-1.117822842826317054e-01
-1.055180760050855315e-01
-9.946891301216401193e-02
-9.363357331915608817e-02
-8.801061749855888794e-02
-8.259839520073040953e-02
-7.739505158700947518e-02
-7.239853366303582172e-02
-6.760659650200015469e-02
-6.301680934947408164e-02
-5.862656160330474014e-02
-5.443306866379939157e-02
-5.043337765106742365e-02
-4.662437298792228291e-02
-4.300278184817078048e-02
-3.956517947142785402e-02
-3.630799434678873283e-02
-3.322751326876507982e-02
-3.031988626984678456e-02
-2.758113143488696503e-02
-2.500713960322384008e-02
-2.259367896505335913e-02
-2.033639955905082453e-02
-1.823083767861361643e-02
-1.627242019436246634e-02
-1.445646880070173244e-02
-1.277820419430329181e-02
-1.123275019235093694e-02
-9.815137798267582064e-03
-8.520309222453319870e-03
-7.343121865295056290e-03
-6.278352269375076997e-03
-5.320700047414463237e-03
-4.464791792044688588e-03
-3.705184973015508264e-03
-3.036371826926745343e-03
-2.452783244023902694e-03
-1.948792656030629749e-03
-1.518719928412566849e-03
-1.156835259884718718e-03
-8.573630913957272330e-04
-6.144860262543911560e-04
-4.223487625134157600e-04
-2.750620381992077571e-04
-1.667065894807435956e-04
-9.133712141077644840e-05
-4.298629045417595403e-05
-1.566869764568790282e-05
-3.384890897010473028e-06
-1.253747043647122776e-07
1.253747043647122776e-07
3.384890897010473028e-06
1.566869764568790282e-05
4.298629045417595403e-05
9.133712141077644840e-05
1.667065894807435956e-04
2.750620381992077571e-04
4.223487625134157600e-04
6.144860262543911560e-04
8.573630913957272330e-04
1.156835259884718718e-03
1.518719928412566849e-03
1.948792656030629749e-03
2.452783244023902694e-03
3.036371826926745343e-03
3.705184973015508264e-03
4.464791792044688588e-03
5.320700047414463237e-03
6.278352269375076997e-03
7.343121865295056290e-03
8.520309222453319870e-03
9.815137798267582064e-03
1.123275019235093694e-02
1.277820419430329181e-02
1.445646880070173244e-02
1.627242019436246634e-02
1.823083767861361643e-02
2.033639955905082453e-02
2.259367896505335913e-02
2.500713960322384008e-02
2.758113143488696503e-02
3.031988626984678456e-02
3.322751326876507982e-02
3.630799434678873283e-02
3.956517947142785402e-02
4.300278184817078048e-02
4.662437298792228291e-02
5.043337765106742365e-02
5.443306866379939157e-02
5.862656160330474014e-02
6.301680934947408164e-02
6.760659650200015469e-02
7.239853366303582172e-02
7.739505158700947518e-02
8.259839520073040953e-02
8.801061749855888794e-02
9.363357331915608817e-02
9.946891301216401193e-02
1.055180760050855315e-01
1.117822842826317054e-01
1.182625357928656779e-01
1.249595977965918259e-01
1.318740001786015137e-01
1.390060287415786078e-01
1.463557185056784393e-01
1.539228470390041070e-01
1.617069278464009219e-01
1.697072038461558963e-01
1.779226409663071107e-01
1.863519218943179845e-01
1.949934400158389591e-01
2.038452935801387811e-01
2.129052801315302335e-01
2.221708912477032283e-01
2.316393076273156326e-01
2.413073945704360124e-01
2.511716978964791958e-01
2.612284403450972903e-01
2.714735185060704326e-01
2.819025003245649863e-01
2.925106232281713403e-01
3.032927929218892649e-01
3.142435828966736455e-01
3.253572346962833040e-01
3.366276589859663604e-01
3.480484374649748802e-01
3.596128256630004016e-01
3.713137566583796234e-01
3.831438457533082875e-01
3.950953961383440460e-01
4.071604055751569806e-01
4.193305741228296468e-01
4.315973129289960575e-01
4.439517541027806491e-01
4.563847616818536013e-01
4.688869437009727248e-01
4.814486653641759095e-01
4.940600633173144463e-01
5.067110610119424097e-01
5.193913851456920527e-01
5.320905831582376511e-01
5.447980417557937161e-01
5.575030064308514888e-01
5.701946019375880859e-01
5.828618536770938663e-01
5.954937099403403433e-01
6.080790649506666590e-01
6.206067826415628819e-01
6.330657210997129303e-01
6.454447575976783869e-01
6.577328141353027124e-01
6.699188834039444540e-01
6.819920550830419481e-01
6.939415423743309219e-01
7.057567086753037122e-01
7.174270942902674086e-01
7.289424430746549444e-01
7.402927289061033145e-01
7.514681818742660058e-01
7.624593140803898050e-01
7.732569449373918324e-01
7.838522258615144844e-01
7.942366642476477168e-01
8.044021466220737659e-01
8.143409608687118828e-01
8.240458174279267078e-01
8.335098693705745854e-01
8.427267312542047195e-01
8.516904966731652094e-01
8.603957544197683438e-01
8.688376031796021248e-01
8.770116646905058433e-01
8.849140953016073619e-01
8.925415958761000468e-01
8.998914199890697407e-01
9.069613803796106044e-01
9.137498536246395631e-01
9.202557830101599778e-01
9.264786795841987166e-01
9.324186213841587634e-01
9.380762508398498012e-01
9.434527703619118855e-01
9.485499361336681146e-01
9.533700501325823584e-01
9.579159504153902382e-01
9.621909997085628108e-01
9.661990723530126113e-01
9.699445396587922374e-01
9.734322537319465285e-01
9.766675298415996576e-01
9.796561274007762332e-01
9.824042296393176166e-01
9.849184220515579957e-01
9.872056697051475593e-01
9.892732935005184025e-01
9.911289454730154436e-01
9.927805832316229928e-01
9.942364436295256791e-01
9.955050157624716345e-01
9.965950133910460584e-01
9.975153468825623815e-01
9.982750947673397768e-01
9.988834750027009157e-01
9.993498160361250493e-01
9.996835277566574751e-01
9.998940724209627318e-01
9.999909356373373193e-01
9.999835974876370992e-01
9.998815038634497609e-01
9.996940380890159128e-01
9.994304928994154347e-01
9.991000428384408938e-01
9.987117171364180424e-01
9.982743731240640850e-01
9.977966702343307182e-01
9.972870446401157496e-01
9.967536845717757110e-01
9.962045063545884593e-01
9.956471312027111997e-01
9.950888628028187188e-01
9.945366657174914415e-01
9.939971446355974072e-01
9.934765244943933871e-01
9.929806314958684599e-01
9.925148750379972906e-01
9.920842305800542382e-01
9.916932234599739049e-01
9.913459136809333883e-01
9.910458816838606522e-01
9.907962151224430913e-01
9.905994966574003247e-01
9.904577927872778575e-01
9.903726437337964095e-01
9.903450544008191025e-01
9.903754864272501512e-01
9.904638513556264234e-01
9.906095049397473096e-01
9.908112426163994124e-01
9.910672961679918291e-01
9.913753316047112518e-01
9.917324482965543808e-01
9.921351793872750235e-01
9.925794935238210215e-01
9.930607979361910642e-01
9.935739429037561132e-01
9.941132276449119454e-01
9.946724076674020587e-01
9.952447036167303418e-01
9.958228116597106494e-01
9.963989154393350089e-01
9.969646996357389712e-01
9.975113651660529879e-01
9.980296460533287783e-01
9.985098279914738084e-01
9.989417686291965914e-01
9.993149195913404448e-01
9.996183502506412744e-01
9.998407732568900252e-01
9.999705718237028584e-01
9.999958287656174338e-01
9.999043572700577753e-01
9.996837333798599401e-01
9.993213301525825099e-01
9.988043534527536460e-01
9.981198793226134791e-01
9.972548928658382383e-01
9.961963285672639223e-01
9.949311119598392983e-01
9.934462025380218497e-01
9.917286378046825668e-01
9.897655783264122098e-01
9.875443536600355676e-01
9.850525090012579588e-01
9.822778523948122453e-01
9.792085023343785055e-01
9.758329355700277041e-01
9.721400349311439815e-01
9.681191369638210142e-01
9.637600791737508388e-01
9.590532466587379234e-01
9.539896179093152462e-01
9.485608095516145921e-01
9.427591198037582609e-01
9.365775704157016657e-01
9.300099468627294197e-01
9.230508365647888125e-01
9.156956649075743693e-01
9.079407288467995496e-01
8.997832278844444254e-01
8.912212922149432837e-01
8.822540078502754124e-01
8.728814385457028813e-01
8.631046443624278419e-01
8.529256967196341410e-01
8.423476898061469376e-01
8.313747482411955048e-01
8.200120308943539271e-01
8.082657307965144255e-01
7.961430710965913260e-01
7.836522970423296375e-01
7.708026639879632658e-01
7.576044214562960288e-01
7.440687933078647953e-01
7.302079540949871772e-01
7.160350017034274872e-01
7.015639264089671423e-01
6.868095765000588049e-01
6.717876206407955575e-01
6.565145071703912816e-01
6.410074205560594152e-01
6.252842352353683575e-01
6.093634671016966431e-01
5.932642229020897995e-01
5.770061478305209546e-01
5.606093716111273384e-01
5.440944533753158119e-01
5.274823256436209640e-01
5.107942377277886470e-01
4.940516988706959989e-01
4.772764214413861561e-01
4.604902644997072581e-01
4.437151780398062018e-01
4.269731482141123080e-01
4.102861438295135055e-01
3.936760643952766370e-01
3.771646899880139459e-01
3.607736331827752774e-01
3.445242932813080139e-01
3.284378130488335712e-01
3.125350381495214380e-01
2.968364794483801528e-01
2.813622783237327840e-01
2.661321751099937072e-01
2.511654807653195820e-01
2.364810518330749955e-01
2.220972687401287227e-01
2.080320174489815876e-01
1.943026744548090601e-01
1.809260950928633094e-01
1.679186050964982246e-01
1.552959953215141964e-01
1.430735195287185790e-01
1.312658950937040936e-01
1.198873064909778546e-01
1.089514113788422334e-01
9.847134909192964414e-02
8.845975133010655633e-02
7.892875481565474194e-02
6.989001567526716141e-02
6.135472528949928450e-02
5.333362733992771942e-02
4.583703577341319974e-02
3.887485339352797498e-02
3.245659078145769760e-02
2.659138524242935647e-02
2.128801946903883732e-02
1.655493960968367970e-02
1.240027242866918213e-02
8.831841244433031105e-03
5.857180333722782940e-03
3.483547492460490388e-03
1.717934448443276174e-03
5.670748269691746560e-04
3.744937796116714512e-05
1.352881822152646153e-04
8.665695650547179446e-04
2.237015457974997519e-03
4.252082962864446938e-03
6.916951889143187204e-03
1.023650805174501632e-02
1.421532213734725235e-02
1.885762396771035326e-02
2.416727201250432056e-02
3.014771802965579214e-02
3.680196673912954769e-02
4.413253046623882847e-02
5.214137872313130001e-02
6.082988273208023156e-02
7.019875493167082592e-02
8.024798354693581104e-02
9.097676234696674968e-02
1.023834157584883886e-01
1.144653195512779775e-01
1.272188173610516726e-01
1.406391333673989719e-01
1.547202814983494878e-01
1.694549715889862862e-01
1.848345129788988295e-01
2.008487160918759340e-01
2.174857926006820152e-01
2.347322548395969488e-01
2.525728151871193261e-01
2.709902862002712687e-01
2.899654823396565217e-01
3.094771241801368977e-01
3.295017460549349297e-01
3.500136081303624191e-01
3.709846139533395926e-01
3.923842345535374365e-01
4.141794402154001520e-01
4.363346410615570048e-01
4.588116376072291502e-01
4.815695824542386982e-01
5.045649542921768482e-01
5.277515453622733110e-01
5.510804635156718589e-01
5.745001499613483498e-01
5.979564137490935849e-01
6.213924839692216429e-01
6.447490805724468421e-01
6.679645046203732672e-01
6.909747486690537288e-01
7.137136278651146082e-01
7.361129321961698002e-01
7.581026001850974527e-01
7.796109141518129393e-01
8.005647169873223445e-01
8.208896501941777002e-01
8.405104127463044472e-01
8.593510401111482677e-01
8.773352025599875370e-01
8.943865216701660792e-01
9.104289036981757510e-01
9.253868882774424209e-01
9.391860106719871482e-01
9.517531755996575527e-01
9.630170404292419661e-01
9.729084053575137725e-01
9.813606079880952127e-01
9.883099195670332904e-01
9.936959399830834760e-01
9.974619885167630429e-01
9.995554872239769129e-01
9.999283337699117480e-01
9.985372604891824544e-01
9.953441764408269554e-01
9.903164892532421160e-01
9.834274036157181209e-01
9.746561933706003877e-01
9.639884442935412467e-01
9.514162648185986448e-01
9.369384621693351844e-01
9.205606815953275568e-01
9.022955066838237448e-01
8.821625190163973063e-01
8.601883157675312974e-01
8.364064841928929850e-01
8.108575323258985224e-01
7.835887755879739069e-01
7.546541794162290318e-01
7.241141584174561885e-01
6.920353329644766127e-01
6.584902445549207783e-01
6.235570316484538855e-01
5.873190680811842812e-01
5.498645665205724731e-01
5.112861497659226817e-01
4.716803930138629419e-01
4.311473404910980411e-01
3.897900001043957952e-01
3.477138199668811103e-01
3.050261508277707923e-01
2.618356985572687923e-01
2.182519709181976741e-01
1.743847228899627066e-01
1.303434047985179700e-01
8.623661744850437405e-02
4.217157835170056573e-02
-1.746396998893803712e-03
-4.541439504548188538e-02
-8.873238173163823517e-02
-1.316036544350664694e-01
-1.739352652720573267e-01
-2.156384130935350141e-01
-2.566288018295273532e-01
-2.968269631933646568e-01
-3.361585421239970395e-01
-3.745545437198740113e-01
-4.119515407958094788e-01
-4.482918415705837156e-01
-4.835236173630229062e-01
-5.176009905335888783e-01
-5.504840832531726624e-01
-5.821390280068765577e-01
-6.125379410449816042e-01
-6.416588602729483837e-01
-6.694856493248901863e-01
-6.960078697883663734e-01
-7.212206237412264187e-01
-7.451243689224903433e-01
-7.677247089884112752e-01
-7.890321614018426244e-01
-8.090619055682805039e-01
-8.278335138661779835e-01
-8.453706682236323822e-01
-8.617008648697557227e-01
-8.768551098388754905e-01
-8.908676077312163155e-01
-9.037754461371676484e-01
-9.156182780162013257e-01
-9.264380041884270334e-01
-9.362784579494318749e-01
-9.451850936600600939e-01
-9.532046809948541144e-01
-9.603850063586293340e-01
-9.667745828026202970e-01
-9.724223695922881161e-01
-9.773775024004686118e-01
-9.816890349242527458e-01
-9.854056925537698630e-01
-9.885756385576545124e-01
-9.912462530950365558e-01
-9.934639252187279501e-01
-9.952738579001171315e-01
-9.967198859840360470e-01
-9.978443068723626963e-01
-9.986877236389107848e-01
-9.992889001956487549e-01
-9.996846280617277536e-01
-9.999096042322237476e-01
-9.999963196028726076e-01
-9.999749573801480773e-01
-9.998733008925084764e-01
-9.997166502180415693e-01
-9.995277470555528065e-01
-9.993267072897297210e-01
-9.991309607356769762e-01
-9.989551975930783811e-01
-9.988113211946711978e-01
-9.987084066967257812e-01
-9.986526654298810701e-01
-9.986474147059948292e-01
-9.986930529596197426e-01
-9.987870401902311235e-01
-9.989238837623065637e-01
-9.990951297136434484e-01
-9.992893598167068570e-01
-9.994921947320974942e-01
-9.996863036861470819e-01
-9.998514211948817954e-01
-9.999643714427806085e-01
-9.999991010055330198e-01
-9.999267206799287155e-01
-9.997155572496704279e-01
-9.993312160718186288e-01
-9.987366554132893759e-01
-9.978922734988797671e-01
-9.967560092502326663e-01
-9.952834576975866376e-01
-9.934280010317368959e-01
